0.0
0.0033333333333333335
0.006666666666666667
0.01
0.013333333333333334
0.016666666666666666
0.02
0.023333333333333334
0.02666666666666667
0.03
0.03333333333333333
0.03666666666666667
0.04
0.043333333333333335
0.04666666666666667
0.05
0.05333333333333334
0.056666666666666664
0.06
0.06333333333333334
0.06666666666666667
0.07
0.07333333333333333
0.07666666666666666
0.08
0.08333333333333333
0.08666666666666667
0.09
0.09333333333333334
0.09666666666666666
0.1
0.10333333333333333
0.10666666666666667
0.11
0.11333333333333333
0.11666666666666667
0.12
0.12333333333333334
0.12666666666666668
0.13
0.13333333333333333
0.13666666666666666
0.14
0.14333333333333334
0.14666666666666667
0.15
0.15333333333333332
0.15666666666666668
0.16
0.16333333333333333
0.16666666666666666
0.17
0.17333333333333334
0.17666666666666667
0.18
0.18333333333333332
0.18666666666666668
0.19
0.19333333333333333
0.19666666666666666
0.2
0.20333333333333334
0.20666666666666667
0.21
0.21333333333333335
0.21666666666666667
0.22
0.22333333333333333
0.22666666666666666
0.23
0.23333333333333334
0.23666666666666666
0.24
0.24333333333333335
0.24666666666666667
0.25
0.25333333333333335
0.25666666666666665
0.26
0.2633333333333333
0.26666666666666666
0.27
0.2733333333333333
0.27666666666666667
0.28
0.2833333333333333
0.2866666666666667
0.29
0.29333333333333333
0.2966666666666667
0.3
0.30333333333333334
0.30666666666666664
0.31
0.31333333333333335
0.31666666666666665
0.32
0.3233333333333333
0.32666666666666666
0.33
0.3333333333333333
0.33666666666666667
0.34
0.3433333333333333
0.3466666666666667
0.35
0.35333333333333333
0.3566666666666667
0.36
0.36333333333333334
0.36666666666666664
0.37
0.37333333333333335
0.37666666666666665
0.38
0.38333333333333336
0.38666666666666666
0.39
0.3933333333333333
0.39666666666666667
0.4
0.4033333333333333
0.4066666666666667
0.41
0.41333333333333333
0.4166666666666667
0.42
0.42333333333333334
0.4266666666666667
0.43
0.43333333333333335
0.43666666666666665
0.44
0.44333333333333336
0.44666666666666666
0.45
0.4533333333333333
0.45666666666666667
0.46
0.4633333333333333
0.4666666666666667
0.47
0.47333333333333333
0.4766666666666667
0.48
0.48333333333333334
0.4866666666666667
0.49
0.49333333333333335
0.49666666666666665
0.5
0.5033333333333333
0.5066666666666667
0.51
0.5133333333333333
0.5166666666666667
0.52
0.5233333333333333
0.5266666666666666
0.53
0.5333333333333333
0.5366666666666666
0.54
0.5433333333333333
0.5466666666666666
0.55
0.5533333333333333
0.5566666666666666
0.56
0.5633333333333334
0.5666666666666667
0.57
0.5733333333333334
0.5766666666666667
0.58
0.5833333333333334
0.5866666666666667
0.59
0.5933333333333334
0.5966666666666667
0.6
0.6033333333333334
0.6066666666666667
0.61
0.6133333333333333
0.6166666666666667
0.62
0.6233333333333333
0.6266666666666667
0.63
0.6333333333333333
0.6366666666666667
0.64
0.6433333333333333
0.6466666666666666
0.65
0.6533333333333333
0.6566666666666666
0.66
0.6633333333333333
0.6666666666666666
0.67
0.6733333333333333
0.6766666666666666
0.68
0.6833333333333333
0.6866666666666666
0.69
0.6933333333333334
0.6966666666666667
0.7
0.7033333333333334
0.7066666666666667
0.71
0.7133333333333334
0.7166666666666667
0.72
0.7233333333333334
0.7266666666666667
0.73
0.7333333333333333
0.7366666666666667
0.74
0.7433333333333333
0.7466666666666667
0.75
0.7533333333333333
0.7566666666666667
0.76
0.7633333333333333
0.7666666666666667
0.77
0.7733333333333333
0.7766666666666666
0.78
0.7833333333333333
0.7866666666666666
0.79
0.7933333333333333
0.7966666666666666
0.8
0.8033333333333333
0.8066666666666666
0.81
0.8133333333333334
0.8166666666666667
0.82
0.8233333333333334
0.8266666666666667
0.83
0.8333333333333334
0.8366666666666667
0.84
0.8433333333333334
0.8466666666666667
0.85
0.8533333333333334
0.8566666666666667
0.86
0.8633333333333333
0.8666666666666667
0.87
0.8733333333333333
0.8766666666666667
0.88
0.8833333333333333
0.8866666666666667
0.89
0.8933333333333333
0.8966666666666666
0.9
0.9033333333333333
0.9066666666666666
0.91
0.9133333333333333
0.9166666666666666
0.92
0.9233333333333333
0.9266666666666666
0.93
0.9333333333333333
0.9366666666666666
0.94
0.9433333333333334
0.9466666666666667
0.95
0.9533333333333334
0.9566666666666667
0.96
0.9633333333333334
0.9666666666666667
0.97
0.9733333333333334
0.9766666666666667
0.98
0.9833333333333333
0.9866666666666667
0.99
0.9933333333333333
0.9966666666666667
1.0
1.0033333333333334
1.0066666666666666
1.01
1.0133333333333334
1.0166666666666666
1.02
1.0233333333333334
1.0266666666666666
1.03
1.0333333333333334
1.0366666666666666
1.04
1.0433333333333332
1.0466666666666666
1.05
1.0533333333333332
1.0566666666666666
1.06
1.0633333333333332
1.0666666666666667
1.07
1.0733333333333333
1.0766666666666667
1.08
1.0833333333333333
1.0866666666666667
1.09
1.0933333333333333
1.0966666666666667
1.1
1.1033333333333333
1.1066666666666667
1.11
1.1133333333333333
1.1166666666666667
1.12
1.1233333333333333
1.1266666666666667
1.13
1.1333333333333333
1.1366666666666667
1.14
1.1433333333333333
1.1466666666666667
1.15
1.1533333333333333
1.1566666666666667
1.16
1.1633333333333333
1.1666666666666667
1.17
1.1733333333333333
1.1766666666666667
1.18
1.1833333333333333
1.1866666666666668
1.19
1.1933333333333334
1.1966666666666668
1.2
1.2033333333333334
1.2066666666666668
1.21
1.2133333333333334
1.2166666666666666
1.22
1.2233333333333334
1.2266666666666666
1.23
1.2333333333333334
1.2366666666666666
1.24
1.2433333333333334
1.2466666666666666
1.25
1.2533333333333334
1.2566666666666666
1.26
1.2633333333333334
1.2666666666666666
1.27
1.2733333333333334
1.2766666666666666
1.28
1.2833333333333334
1.2866666666666666
1.29
1.2933333333333332
1.2966666666666666
1.3
1.3033333333333332
1.3066666666666666
1.31
1.3133333333333332
1.3166666666666667
1.32
1.3233333333333333
1.3266666666666667
1.33
1.3333333333333333
1.3366666666666667
1.34
1.3433333333333333
1.3466666666666667
1.35
1.3533333333333333
1.3566666666666667
1.36
1.3633333333333333
1.3666666666666667
1.37
1.3733333333333333
1.3766666666666667
1.38
1.3833333333333333
1.3866666666666667
1.39
1.3933333333333333
1.3966666666666667
1.4
1.4033333333333333
1.4066666666666667
1.41
1.4133333333333333
1.4166666666666667
1.42
1.4233333333333333
1.4266666666666667
1.43
1.4333333333333333
1.4366666666666668
1.44
1.4433333333333334
1.4466666666666668
1.45
1.4533333333333334
1.4566666666666668
1.46
1.4633333333333334
1.4666666666666666
1.47
1.4733333333333334
1.4766666666666666
1.48
1.4833333333333334
1.4866666666666666
1.49
1.4933333333333334
1.4966666666666666
1.5
1.5033333333333334
1.5066666666666666
1.51
1.5133333333333334
1.5166666666666666
1.52
1.5233333333333334
1.5266666666666666
1.53
1.5333333333333334
1.5366666666666666
1.54
1.5433333333333332
1.5466666666666666
1.55
1.5533333333333332
1.5566666666666666
1.56
1.5633333333333332
1.5666666666666667
1.57
1.5733333333333333
1.5766666666666667
1.58
1.5833333333333333
1.5866666666666667
1.59
1.5933333333333333
1.5966666666666667
1.6
1.6033333333333333
1.6066666666666667
1.61
1.6133333333333333
1.6166666666666667
1.62
1.6233333333333333
1.6266666666666667
1.63
1.6333333333333333
1.6366666666666667
1.64
1.6433333333333333
1.6466666666666667
1.65
1.6533333333333333
1.6566666666666667
1.66
1.6633333333333333
1.6666666666666667
1.67
1.6733333333333333
1.6766666666666667
1.68
1.6833333333333333
1.6866666666666668
1.69
1.6933333333333334
1.6966666666666668
1.7
1.7033333333333334
1.7066666666666668
1.71
1.7133333333333334
1.7166666666666666
1.72
1.7233333333333334
1.7266666666666666
1.73
1.7333333333333334
1.7366666666666666
1.74
1.7433333333333334
1.7466666666666666
1.75
1.7533333333333334
1.7566666666666666
1.76
1.7633333333333334
1.7666666666666666
1.77
1.7733333333333334
1.7766666666666666
1.78
1.7833333333333334
1.7866666666666666
1.79
1.7933333333333332
1.7966666666666666
1.8
1.8033333333333332
1.8066666666666666
1.81
1.8133333333333332
1.8166666666666667
1.82
1.8233333333333333
1.8266666666666667
1.83
1.8333333333333333
1.8366666666666667
1.84
1.8433333333333333
1.8466666666666667
1.85
1.8533333333333333
1.8566666666666667
1.86
1.8633333333333333
1.8666666666666667
1.87
1.8733333333333333
1.8766666666666667
1.88
1.8833333333333333
1.8866666666666667
1.89
1.8933333333333333
1.8966666666666667
1.9
1.9033333333333333
1.9066666666666667
1.91
1.9133333333333333
1.9166666666666667
1.92
1.9233333333333333
1.9266666666666667
1.93
1.9333333333333333
1.9366666666666668
1.94
1.9433333333333334
1.9466666666666668
1.95
1.9533333333333334
1.9566666666666668
1.96
1.9633333333333334
1.9666666666666666
1.97
1.9733333333333334
1.9766666666666666
1.98
1.9833333333333334
1.9866666666666666
1.99
1.9933333333333334
1.9966666666666666
2.0
2.0033333333333334
2.006666666666667
2.01
2.013333333333333
2.0166666666666666
2.02
2.0233333333333334
2.026666666666667
2.03
2.033333333333333
2.0366666666666666
2.04
2.0433333333333334
2.046666666666667
2.05
2.0533333333333332
2.0566666666666666
2.06
2.0633333333333335
2.066666666666667
2.07
2.0733333333333333
2.0766666666666667
2.08
2.0833333333333335
2.0866666666666664
2.09
2.0933333333333333
2.0966666666666667
2.1
2.1033333333333335
2.1066666666666665
2.11
2.1133333333333333
2.1166666666666667
2.12
2.1233333333333335
2.1266666666666665
2.13
2.1333333333333333
2.1366666666666667
2.14
2.1433333333333335
2.1466666666666665
2.15
2.1533333333333333
2.1566666666666667
2.16
2.1633333333333336
2.1666666666666665
2.17
2.1733333333333333
2.1766666666666667
2.18
2.183333333333333
2.1866666666666665
2.19
2.1933333333333334
2.1966666666666668
2.2
2.203333333333333
2.2066666666666666
2.21
2.2133333333333334
2.216666666666667
2.22
2.223333333333333
2.2266666666666666
2.23
2.2333333333333334
2.236666666666667
2.24
2.243333333333333
2.2466666666666666
2.25
2.2533333333333334
2.256666666666667
2.26
2.263333333333333
2.2666666666666666
2.27
2.2733333333333334
2.276666666666667
2.28
2.283333333333333
2.2866666666666666
2.29
2.2933333333333334
2.296666666666667
2.3
2.3033333333333332
2.3066666666666666
2.31
2.3133333333333335
2.316666666666667
2.32
2.3233333333333333
2.3266666666666667
2.33
2.3333333333333335
2.3366666666666664
2.34
2.3433333333333333
2.3466666666666667
2.35
2.3533333333333335
2.3566666666666665
2.36
2.3633333333333333
2.3666666666666667
2.37
2.3733333333333335
2.3766666666666665
2.38
2.3833333333333333
2.3866666666666667
2.39
2.3933333333333335
2.3966666666666665
2.4
2.4033333333333333
2.4066666666666667
2.41
2.4133333333333336
2.4166666666666665
2.42
2.4233333333333333
2.4266666666666667
2.43
2.433333333333333
2.4366666666666665
2.44
2.4433333333333334
2.4466666666666668
2.45
2.453333333333333
2.4566666666666666
2.46
2.4633333333333334
2.466666666666667
2.47
2.473333333333333
2.4766666666666666
2.48
2.4833333333333334
2.486666666666667
2.49
2.493333333333333
2.4966666666666666
2.5
2.5033333333333334
2.506666666666667
2.51
2.513333333333333
2.5166666666666666
2.52
2.5233333333333334
2.526666666666667
2.53
2.533333333333333
2.5366666666666666
2.54
2.5433333333333334
2.546666666666667
2.55
2.5533333333333332
2.5566666666666666
2.56
2.5633333333333335
2.566666666666667
2.57
2.5733333333333333
2.5766666666666667
2.58
2.5833333333333335
2.5866666666666664
2.59
2.5933333333333333
2.5966666666666667
2.6
2.6033333333333335
2.6066666666666665
2.61
2.6133333333333333
2.6166666666666667
2.62
2.6233333333333335
2.6266666666666665
2.63
2.6333333333333333
2.6366666666666667
2.64
2.6433333333333335
2.6466666666666665
2.65
2.6533333333333333
2.6566666666666667
2.66
2.6633333333333336
2.6666666666666665
2.67
2.6733333333333333
2.6766666666666667
2.68
2.683333333333333
2.6866666666666665
2.69
2.6933333333333334
2.6966666666666668
2.7
2.703333333333333
2.7066666666666666
2.71
2.7133333333333334
2.716666666666667
2.72
2.723333333333333
2.7266666666666666
2.73
2.7333333333333334
2.736666666666667
2.74
2.743333333333333
2.7466666666666666
2.75
2.7533333333333334
2.756666666666667
2.76
2.763333333333333
2.7666666666666666
2.77
2.7733333333333334
2.776666666666667
2.78
2.783333333333333
2.7866666666666666
2.79
2.7933333333333334
2.796666666666667
2.8
2.8033333333333332
2.8066666666666666
2.81
2.8133333333333335
2.816666666666667
2.82
2.8233333333333333
2.8266666666666667
2.83
2.8333333333333335
2.8366666666666664
2.84
2.8433333333333333
2.8466666666666667
2.85
2.8533333333333335
2.8566666666666665
2.86
2.8633333333333333
2.8666666666666667
2.87
2.8733333333333335
2.8766666666666665
2.88
2.8833333333333333
2.8866666666666667
2.89
2.8933333333333335
2.8966666666666665
2.9
2.9033333333333333
2.9066666666666667
2.91
2.9133333333333336
2.9166666666666665
2.92
2.9233333333333333
2.9266666666666667
2.93
2.933333333333333
2.9366666666666665
2.94
2.9433333333333334
2.9466666666666668
2.95
2.953333333333333
2.9566666666666666
2.96
2.9633333333333334
2.966666666666667
2.97
2.973333333333333
2.9766666666666666
2.98
2.9833333333333334
2.986666666666667
2.99
2.993333333333333
2.9966666666666666
3.0
3.0033333333333334
3.006666666666667
3.01
3.013333333333333
3.0166666666666666
3.02
3.0233333333333334
3.026666666666667
3.03
3.033333333333333
3.0366666666666666
3.04
3.0433333333333334
3.046666666666667
3.05
3.0533333333333332
3.0566666666666666
3.06
3.0633333333333335
3.066666666666667
3.07
3.0733333333333333
3.0766666666666667
3.08
3.0833333333333335
3.0866666666666664
3.09
3.0933333333333333
3.0966666666666667
3.1
3.1033333333333335
3.1066666666666665
3.11
3.1133333333333333
3.1166666666666667
3.12
3.1233333333333335
3.1266666666666665
3.13
3.1333333333333333
3.1366666666666667
3.14
3.1433333333333335
3.1466666666666665
3.15
3.1533333333333333
3.1566666666666667
3.16
3.1633333333333336
3.1666666666666665
3.17
3.1733333333333333
3.1766666666666667
3.18
3.183333333333333
3.1866666666666665
3.19
3.1933333333333334
3.1966666666666668
3.2
3.203333333333333
3.2066666666666666
3.21
3.2133333333333334
3.216666666666667
3.22
3.223333333333333
3.2266666666666666
3.23
3.2333333333333334
3.236666666666667
3.24
3.243333333333333
3.2466666666666666
3.25
3.2533333333333334
3.256666666666667
3.26
3.263333333333333
3.2666666666666666
3.27
3.2733333333333334
3.276666666666667
3.28
3.283333333333333
3.2866666666666666
3.29
3.2933333333333334
3.296666666666667
3.3
3.3033333333333332
3.3066666666666666
3.31
3.3133333333333335
3.316666666666667
3.32
3.3233333333333333
3.3266666666666667
3.33
3.3333333333333335
3.3366666666666664
3.34
3.3433333333333333
3.3466666666666667
3.35
3.3533333333333335
3.3566666666666665
3.36
3.3633333333333333
3.3666666666666667
3.37
3.3733333333333335
3.3766666666666665
3.38
3.3833333333333333
3.3866666666666667
3.39
3.3933333333333335
3.3966666666666665
3.4
3.4033333333333333
3.4066666666666667
3.41
3.4133333333333336
3.4166666666666665
3.42
3.4233333333333333
3.4266666666666667
3.43
3.433333333333333
3.4366666666666665
3.44
3.4433333333333334
3.4466666666666668
3.45
3.453333333333333
3.4566666666666666
3.46
3.4633333333333334
3.466666666666667
3.47
3.473333333333333
3.4766666666666666
3.48
3.4833333333333334
3.486666666666667
3.49
3.493333333333333
3.4966666666666666
3.5
3.5033333333333334
3.506666666666667
3.51
3.513333333333333
3.5166666666666666
3.52
3.5233333333333334
3.526666666666667
3.53
3.533333333333333
3.5366666666666666
3.54
3.5433333333333334
3.546666666666667
3.55
3.5533333333333332
3.5566666666666666
3.56
3.5633333333333335
3.566666666666667
3.57
3.5733333333333333
3.5766666666666667
3.58
3.5833333333333335
3.5866666666666664
3.59
3.5933333333333333
3.5966666666666667
3.6
3.6033333333333335
3.6066666666666665
3.61
3.6133333333333333
3.6166666666666667
3.62
3.6233333333333335
3.6266666666666665
3.63
3.6333333333333333
3.6366666666666667
3.64
3.6433333333333335
3.6466666666666665
3.65
3.6533333333333333
3.6566666666666667
3.66
3.6633333333333336
3.6666666666666665
3.67
3.6733333333333333
3.6766666666666667
3.68
3.683333333333333
3.6866666666666665
3.69
3.6933333333333334
3.6966666666666668
3.7
3.703333333333333
3.7066666666666666
3.71
3.7133333333333334
3.716666666666667
3.72
3.723333333333333
3.7266666666666666
3.73
3.7333333333333334
3.736666666666667
3.74
3.743333333333333
3.7466666666666666
3.75
3.7533333333333334
3.756666666666667
3.76
3.763333333333333
3.7666666666666666
3.77
3.7733333333333334
3.776666666666667
3.78
3.783333333333333
3.7866666666666666
3.79
3.7933333333333334
3.796666666666667
3.8
3.8033333333333332
3.8066666666666666
3.81
3.8133333333333335
3.816666666666667
3.82
3.8233333333333333
3.8266666666666667
3.83
3.8333333333333335
3.8366666666666664
3.84
3.8433333333333333
3.8466666666666667
3.85
3.8533333333333335
3.8566666666666665
3.86
3.8633333333333333
3.8666666666666667
3.87
3.8733333333333335
3.8766666666666665
3.88
3.8833333333333333
3.8866666666666667
3.89
3.8933333333333335
3.8966666666666665
3.9
3.9033333333333333
3.9066666666666667
3.91
3.9133333333333336
3.9166666666666665
3.92
3.9233333333333333
3.9266666666666667
3.93
3.933333333333333
3.9366666666666665
3.94
3.9433333333333334
3.9466666666666668
3.95
3.953333333333333
3.9566666666666666
3.96
3.9633333333333334
3.966666666666667
3.97
3.973333333333333
3.9766666666666666
3.98
3.9833333333333334
3.986666666666667
3.99
3.993333333333333
3.9966666666666666
4.0
4.003333333333333
4.006666666666667
4.01
4.013333333333334
4.016666666666667
4.02
4.023333333333333
4.026666666666666
4.03
4.033333333333333
4.036666666666667
4.04
4.043333333333333
4.046666666666667
4.05
4.053333333333334
4.056666666666667
4.06
4.0633333333333335
4.066666666666666
4.07
4.073333333333333
4.076666666666667
4.08
4.083333333333333
4.086666666666667
4.09
4.093333333333334
4.096666666666667
4.1
4.1033333333333335
4.1066666666666665
4.11
4.113333333333333
4.116666666666666
4.12
4.123333333333333
4.126666666666667
4.13
4.133333333333334
4.136666666666667
4.14
4.1433333333333335
4.1466666666666665
4.15
4.153333333333333
4.156666666666666
4.16
4.163333333333333
4.166666666666667
4.17
4.173333333333333
4.176666666666667
4.18
4.183333333333334
4.1866666666666665
4.19
4.193333333333333
4.196666666666666
4.2
4.203333333333333
4.206666666666667
4.21
4.213333333333333
4.216666666666667
4.22
4.223333333333334
4.226666666666667
4.23
4.233333333333333
4.236666666666666
4.24
4.243333333333333
4.246666666666667
4.25
4.253333333333333
4.256666666666667
4.26
4.263333333333334
4.266666666666667
4.27
4.273333333333333
4.276666666666666
4.28
4.283333333333333
4.286666666666667
4.29
4.293333333333333
4.296666666666667
4.3
4.303333333333334
4.306666666666667
4.31
4.3133333333333335
4.316666666666666
4.32
4.323333333333333
4.326666666666667
4.33
4.333333333333333
4.336666666666667
4.34
4.343333333333334
4.346666666666667
4.35
4.3533333333333335
4.3566666666666665
4.36
4.363333333333333
4.366666666666666
4.37
4.373333333333333
4.376666666666667
4.38
4.383333333333334
4.386666666666667
4.39
4.3933333333333335
4.3966666666666665
4.4
4.403333333333333
4.406666666666666
4.41
4.413333333333333
4.416666666666667
4.42
4.423333333333333
4.426666666666667
4.43
4.433333333333334
4.4366666666666665
4.44
4.443333333333333
4.446666666666666
4.45
4.453333333333333
4.456666666666667
4.46
4.463333333333333
4.466666666666667
4.47
4.473333333333334
4.476666666666667
4.48
4.483333333333333
4.486666666666666
4.49
4.493333333333333
4.496666666666667
4.5
4.503333333333333
4.506666666666667
4.51
4.513333333333334
4.516666666666667
4.52
4.523333333333333
4.526666666666666
4.53
4.533333333333333
4.536666666666667
4.54
4.543333333333333
4.546666666666667
4.55
4.553333333333334
4.556666666666667
4.56
4.5633333333333335
4.566666666666666
4.57
4.573333333333333
4.576666666666667
4.58
4.583333333333333
4.586666666666667
4.59
4.593333333333334
4.596666666666667
4.6
4.6033333333333335
4.6066666666666665
4.61
4.613333333333333
4.616666666666666
4.62
4.623333333333333
4.626666666666667
4.63
4.633333333333334
4.636666666666667
4.64
4.6433333333333335
4.6466666666666665
4.65
4.653333333333333
4.656666666666666
4.66
4.663333333333333
4.666666666666667
4.67
4.673333333333333
4.676666666666667
4.68
4.683333333333334
4.6866666666666665
4.69
4.693333333333333
4.696666666666666
4.7
4.703333333333333
4.706666666666667
4.71
4.713333333333333
4.716666666666667
4.72
4.723333333333334
4.726666666666667
4.73
4.733333333333333
4.736666666666666
4.74
4.743333333333333
4.746666666666667
4.75
4.753333333333333
4.756666666666667
4.76
4.763333333333334
4.766666666666667
4.77
4.773333333333333
4.776666666666666
4.78
4.783333333333333
4.786666666666667
4.79
4.793333333333333
4.796666666666667
4.8
4.803333333333334
4.806666666666667
4.81
4.8133333333333335
4.816666666666666
4.82
4.823333333333333
4.826666666666667
4.83
4.833333333333333
4.836666666666667
4.84
4.843333333333334
4.846666666666667
4.85
4.8533333333333335
4.8566666666666665
4.86
4.863333333333333
4.866666666666666
4.87
4.873333333333333
4.876666666666667
4.88
4.883333333333334
4.886666666666667
4.89
4.8933333333333335
4.8966666666666665
4.9
4.903333333333333
4.906666666666666
4.91
4.913333333333333
4.916666666666667
4.92
4.923333333333333
4.926666666666667
4.93
4.933333333333334
4.9366666666666665
4.94
4.943333333333333
4.946666666666666
4.95
4.953333333333333
4.956666666666667
4.96
4.963333333333333
4.966666666666667
4.97
4.973333333333334
4.976666666666667
4.98
4.983333333333333
4.986666666666666
4.99
4.993333333333333
4.996666666666667
5.0
5.003333333333333
5.006666666666667
5.01
5.013333333333334
5.016666666666667
5.02
5.023333333333333
5.026666666666666
5.03
5.033333333333333
5.036666666666667
5.04
5.043333333333333
5.046666666666667
5.05
5.053333333333334
5.056666666666667
5.06
5.0633333333333335
5.066666666666666
5.07
5.073333333333333
5.076666666666667
5.08
5.083333333333333
5.086666666666667
5.09
5.093333333333334
5.096666666666667
5.1
5.1033333333333335
5.1066666666666665
5.11
5.113333333333333
5.116666666666666
5.12
5.123333333333333
5.126666666666667
5.13
5.133333333333334
5.136666666666667
5.14
5.1433333333333335
5.1466666666666665
5.15
5.153333333333333
5.156666666666666
5.16
5.163333333333333
5.166666666666667
5.17
5.173333333333333
5.176666666666667
5.18
5.183333333333334
5.1866666666666665
5.19
5.193333333333333
5.196666666666666
5.2
5.203333333333333
5.206666666666667
5.21
5.213333333333333
5.216666666666667
5.22
5.223333333333334
5.226666666666667
5.23
5.233333333333333
5.236666666666666
5.24
5.243333333333333
5.246666666666667
5.25
5.253333333333333
5.256666666666667
5.26
5.263333333333334
5.266666666666667
5.27
5.273333333333333
5.276666666666666
5.28
5.283333333333333
5.286666666666667
5.29
5.293333333333333
5.296666666666667
5.3
5.303333333333334
5.306666666666667
5.31
5.3133333333333335
5.316666666666666
5.32
5.323333333333333
5.326666666666667
5.33
5.333333333333333
5.336666666666667
5.34
5.343333333333334
5.346666666666667
5.35
5.3533333333333335
5.3566666666666665
5.36
5.363333333333333
5.366666666666666
5.37
5.373333333333333
5.376666666666667
5.38
5.383333333333334
5.386666666666667
5.39
5.3933333333333335
5.3966666666666665
5.4
5.403333333333333
5.406666666666666
5.41
5.413333333333333
5.416666666666667
5.42
5.423333333333333
5.426666666666667
5.43
5.433333333333334
5.4366666666666665
5.44
5.443333333333333
5.446666666666666
5.45
5.453333333333333
5.456666666666667
5.46
5.463333333333333
5.466666666666667
5.47
5.473333333333334
5.476666666666667
5.48
5.483333333333333
5.486666666666666
5.49
5.493333333333333
5.496666666666667
5.5
5.503333333333333
5.506666666666667
5.51
5.513333333333334
5.516666666666667
5.52
5.523333333333333
5.526666666666666
5.53
5.533333333333333
5.536666666666667
5.54
5.543333333333333
5.546666666666667
5.55
5.553333333333334
5.556666666666667
5.56
5.5633333333333335
5.566666666666666
5.57
5.573333333333333
5.576666666666667
5.58
5.583333333333333
5.586666666666667
5.59
5.593333333333334
5.596666666666667
5.6
5.6033333333333335
5.6066666666666665
5.61
5.613333333333333
5.616666666666666
5.62
5.623333333333333
5.626666666666667
5.63
5.633333333333334
5.636666666666667
5.64
5.6433333333333335
5.6466666666666665
5.65
5.653333333333333
5.656666666666666
5.66
5.663333333333333
5.666666666666667
5.67
5.673333333333333
5.676666666666667
5.68
5.683333333333334
5.6866666666666665
5.69
5.693333333333333
5.696666666666666
5.7
5.703333333333333
5.706666666666667
5.71
5.713333333333333
5.716666666666667
5.72
5.723333333333334
5.726666666666667
5.73
5.733333333333333
5.736666666666666
5.74
5.743333333333333
5.746666666666667
5.75
5.753333333333333
5.756666666666667
5.76
5.763333333333334
5.766666666666667
5.77
5.773333333333333
5.776666666666666
5.78
5.783333333333333
5.786666666666667
5.79
5.793333333333333
5.796666666666667
5.8
5.803333333333334
5.806666666666667
5.81
5.8133333333333335
5.816666666666666
5.82
5.823333333333333
5.826666666666667
5.83
5.833333333333333
5.836666666666667
5.84
5.843333333333334
5.846666666666667
5.85
5.8533333333333335
5.8566666666666665
5.86
5.863333333333333
5.866666666666666
5.87
5.873333333333333
5.876666666666667
5.88
5.883333333333334
5.886666666666667
5.89
5.8933333333333335
5.8966666666666665
5.9
5.903333333333333
5.906666666666666
5.91
5.913333333333333
5.916666666666667
5.92
5.923333333333333
5.926666666666667
5.93
5.933333333333334
5.9366666666666665
5.94
5.943333333333333
5.946666666666666
5.95
5.953333333333333
5.956666666666667
5.96
5.963333333333333
5.966666666666667
5.97
5.973333333333334
5.976666666666667
5.98
5.983333333333333
5.986666666666666
5.99
5.993333333333333
5.996666666666667
6.0
6.003333333333333
6.006666666666667
6.01
6.013333333333334
6.016666666666667
6.02
6.023333333333333
6.026666666666666
6.03
6.033333333333333
6.036666666666667
6.04
6.043333333333333
6.046666666666667
6.05
6.053333333333334
6.056666666666667
6.06
6.0633333333333335
6.066666666666666
6.07
6.073333333333333
6.076666666666667
6.08
6.083333333333333
6.086666666666667
6.09
6.093333333333334
6.096666666666667
6.1
6.1033333333333335
6.1066666666666665
6.11
6.113333333333333
6.116666666666666
6.12
6.123333333333333
6.126666666666667
6.13
6.133333333333334
6.136666666666667
6.14
6.1433333333333335
6.1466666666666665
6.15
6.153333333333333
6.156666666666666
6.16
6.163333333333333
6.166666666666667
6.17
6.173333333333333
6.176666666666667
6.18
6.183333333333334
6.1866666666666665
6.19
6.193333333333333
6.196666666666666
6.2
6.203333333333333
6.206666666666667
6.21
6.213333333333333
6.216666666666667
6.22
6.223333333333334
6.226666666666667
6.23
6.233333333333333
6.236666666666666
6.24
6.243333333333333
6.246666666666667
6.25
6.253333333333333
6.256666666666667
6.26
6.263333333333334
6.266666666666667
6.27
6.273333333333333
6.276666666666666
6.28
6.283333333333333
6.286666666666667
6.29
6.293333333333333
6.296666666666667
6.3
6.303333333333334
6.306666666666667
6.31
6.3133333333333335
6.316666666666666
6.32
6.323333333333333
6.326666666666667
6.33
6.333333333333333
6.336666666666667
6.34
6.343333333333334
6.346666666666667
6.35
6.3533333333333335
6.3566666666666665
6.36
6.363333333333333
6.366666666666666
6.37
6.373333333333333
6.376666666666667
6.38
6.383333333333334
6.386666666666667
6.39
6.3933333333333335
6.3966666666666665
6.4
6.403333333333333
6.406666666666666
6.41
6.413333333333333
6.416666666666667
6.42
6.423333333333333
6.426666666666667
6.43
6.433333333333334
6.4366666666666665
6.44
6.443333333333333
6.446666666666666
6.45
6.453333333333333
6.456666666666667
6.46
6.463333333333333
6.466666666666667
6.47
6.473333333333334
6.476666666666667
6.48
6.483333333333333
6.486666666666666
6.49
6.493333333333333
6.496666666666667
6.5
6.503333333333333
6.506666666666667
6.51
6.513333333333334
6.516666666666667
6.52
6.523333333333333
6.526666666666666
6.53
6.533333333333333
6.536666666666667
6.54
6.543333333333333
6.546666666666667
6.55
6.553333333333334
6.556666666666667
6.56
6.5633333333333335
6.566666666666666
6.57
6.573333333333333
6.576666666666667
6.58
6.583333333333333
6.586666666666667
6.59
6.593333333333334
6.596666666666667
6.6
6.6033333333333335
6.6066666666666665
6.61
6.613333333333333
6.616666666666666
6.62
6.623333333333333
6.626666666666667
6.63
6.633333333333334
6.636666666666667
6.64
6.6433333333333335
6.6466666666666665
6.65
6.653333333333333
6.656666666666666
6.66
6.663333333333333
6.666666666666667
6.67
6.673333333333333
6.676666666666667
6.68
6.683333333333334
6.6866666666666665
6.69
6.693333333333333
6.696666666666666
6.7
6.703333333333333
6.706666666666667
6.71
6.713333333333333
6.716666666666667
6.72
6.723333333333334
6.726666666666667
6.73
6.733333333333333
6.736666666666666
6.74
6.743333333333333
6.746666666666667
6.75
6.753333333333333
6.756666666666667
6.76
6.763333333333334
6.766666666666667
6.77
6.773333333333333
6.776666666666666
6.78
6.783333333333333
6.786666666666667
6.79
6.793333333333333
6.796666666666667
6.8
6.803333333333334
6.806666666666667
6.81
6.8133333333333335
6.816666666666666
6.82
6.823333333333333
6.826666666666667
6.83
6.833333333333333
6.836666666666667
6.84
6.843333333333334
6.846666666666667
6.85
6.8533333333333335
6.8566666666666665
6.86
6.863333333333333
6.866666666666666
6.87
6.873333333333333
6.876666666666667
6.88
6.883333333333334
6.886666666666667
6.89
6.8933333333333335
6.8966666666666665
6.9
6.903333333333333
6.906666666666666
6.91
6.913333333333333
6.916666666666667
6.92
6.923333333333333
6.926666666666667
6.93
6.933333333333334
6.9366666666666665
6.94
6.943333333333333
6.946666666666666
6.95
6.953333333333333
6.956666666666667
6.96
6.963333333333333
6.966666666666667
6.97
6.973333333333334
6.976666666666667
6.98
6.983333333333333
6.986666666666666
6.99
6.993333333333333
6.996666666666667
7.0
7.003333333333333
7.006666666666667
7.01
7.013333333333334
7.016666666666667
7.02
7.023333333333333
7.026666666666666
7.03
7.033333333333333
7.036666666666667
7.04
7.043333333333333
7.046666666666667
7.05
7.053333333333334
7.056666666666667
7.06
7.0633333333333335
7.066666666666666
7.07
7.073333333333333
7.076666666666667
7.08
7.083333333333333
7.086666666666667
7.09
7.093333333333334
7.096666666666667
7.1
7.1033333333333335
7.1066666666666665
7.11
7.113333333333333
7.116666666666666
7.12
7.123333333333333
7.126666666666667
7.13
7.133333333333334
7.136666666666667
7.14
7.1433333333333335
7.1466666666666665
7.15
7.153333333333333
7.156666666666666
7.16
7.163333333333333
7.166666666666667
7.17
7.173333333333333
7.176666666666667
7.18
7.183333333333334
7.1866666666666665
7.19
7.193333333333333
7.196666666666666
7.2
7.203333333333333
7.206666666666667
7.21
7.213333333333333
7.216666666666667
7.22
7.223333333333334
7.226666666666667
7.23
7.233333333333333
7.236666666666666
7.24
7.243333333333333
7.246666666666667
7.25
7.253333333333333
7.256666666666667
7.26
7.263333333333334
7.266666666666667
7.27
7.273333333333333
7.276666666666666
7.28
7.283333333333333
7.286666666666667
7.29
7.293333333333333
7.296666666666667
7.3
7.303333333333334
7.306666666666667
7.31
7.3133333333333335
7.316666666666666
7.32
7.323333333333333
7.326666666666667
7.33
7.333333333333333
7.336666666666667
7.34
7.343333333333334
7.346666666666667
7.35
7.3533333333333335
7.3566666666666665
7.36
7.363333333333333
7.366666666666666
7.37
7.373333333333333
7.376666666666667
7.38
7.383333333333334
7.386666666666667
7.39
7.3933333333333335
7.3966666666666665
7.4
7.403333333333333
7.406666666666666
7.41
7.413333333333333
7.416666666666667
7.42
7.423333333333333
7.426666666666667
7.43
7.433333333333334
7.4366666666666665
7.44
7.443333333333333
7.446666666666666
7.45
7.453333333333333
7.456666666666667
7.46
7.463333333333333
7.466666666666667
7.47
7.473333333333334
7.476666666666667
7.48
7.483333333333333
7.486666666666666
7.49
7.493333333333333
7.496666666666667
7.5
7.503333333333333
7.506666666666667
7.51
7.513333333333334
7.516666666666667
7.52
7.523333333333333
7.526666666666666
7.53
7.533333333333333
7.536666666666667
7.54
7.543333333333333
7.546666666666667
7.55
7.553333333333334
7.556666666666667
7.56
7.5633333333333335
7.566666666666666
7.57
7.573333333333333
7.576666666666667
7.58
7.583333333333333
7.586666666666667
7.59
7.593333333333334
7.596666666666667
7.6
7.6033333333333335
7.6066666666666665
7.61
7.613333333333333
7.616666666666666
7.62
7.623333333333333
7.626666666666667
7.63
7.633333333333334
7.636666666666667
7.64
7.6433333333333335
7.6466666666666665
7.65
7.653333333333333
7.656666666666666
7.66
7.663333333333333
7.666666666666667
7.67
7.673333333333333
7.676666666666667
7.68
7.683333333333334
7.6866666666666665
7.69
7.693333333333333
7.696666666666666
7.7
7.703333333333333
7.706666666666667
7.71
7.713333333333333
7.716666666666667
7.72
7.723333333333334
7.726666666666667
7.73
7.733333333333333
7.736666666666666
7.74
7.743333333333333
7.746666666666667
7.75
7.753333333333333
7.756666666666667
7.76
7.763333333333334
7.766666666666667
7.77
7.773333333333333
7.776666666666666
7.78
7.783333333333333
7.786666666666667
7.79
7.793333333333333
7.796666666666667
7.8
7.803333333333334
7.806666666666667
7.81
7.8133333333333335
7.816666666666666
7.82
7.823333333333333
7.826666666666667
7.83
7.833333333333333
7.836666666666667
7.84
7.843333333333334
7.846666666666667
7.85
7.8533333333333335
7.8566666666666665
7.86
7.863333333333333
7.866666666666666
7.87
7.873333333333333
7.876666666666667
7.88
7.883333333333334
7.886666666666667
7.89
7.8933333333333335
7.8966666666666665
7.9
7.903333333333333
7.906666666666666
7.91
7.913333333333333
7.916666666666667
7.92
7.923333333333333
7.926666666666667
7.93
7.933333333333334
7.9366666666666665
7.94
7.943333333333333
7.946666666666666
7.95
7.953333333333333
7.956666666666667
7.96
7.963333333333333
7.966666666666667
7.97
7.973333333333334
7.976666666666667
7.98
7.983333333333333
7.986666666666666
7.99
7.993333333333333
7.996666666666667
8.0
8.003333333333334
8.006666666666666
8.01
8.013333333333334
8.016666666666667
8.02
8.023333333333333
8.026666666666667
8.03
8.033333333333333
8.036666666666667
8.04
8.043333333333333
8.046666666666667
8.05
8.053333333333333
8.056666666666667
8.06
8.063333333333333
8.066666666666666
8.07
8.073333333333334
8.076666666666666
8.08
8.083333333333334
8.086666666666666
8.09
8.093333333333334
8.096666666666666
8.1
8.103333333333333
8.106666666666667
8.11
8.113333333333333
8.116666666666667
8.12
8.123333333333333
8.126666666666667
8.13
8.133333333333333
8.136666666666667
8.14
8.143333333333333
8.146666666666667
8.15
8.153333333333334
8.156666666666666
8.16
8.163333333333334
8.166666666666666
8.17
8.173333333333334
8.176666666666666
8.18
8.183333333333334
8.186666666666667
8.19
8.193333333333333
8.196666666666667
8.2
8.203333333333333
8.206666666666667
8.21
8.213333333333333
8.216666666666667
8.22
8.223333333333333
8.226666666666667
8.23
8.233333333333333
8.236666666666666
8.24
8.243333333333334
8.246666666666666
8.25
8.253333333333334
8.256666666666666
8.26
8.263333333333334
8.266666666666667
8.27
8.273333333333333
8.276666666666667
8.28
8.283333333333333
8.286666666666667
8.29
8.293333333333333
8.296666666666667
8.3
8.303333333333333
8.306666666666667
8.31
8.313333333333333
8.316666666666666
8.32
8.323333333333334
8.326666666666666
8.33
8.333333333333334
8.336666666666666
8.34
8.343333333333334
8.346666666666666
8.35
8.353333333333333
8.356666666666667
8.36
8.363333333333333
8.366666666666667
8.37
8.373333333333333
8.376666666666667
8.38
8.383333333333333
8.386666666666667
8.39
8.393333333333333
8.396666666666667
8.4
8.403333333333334
8.406666666666666
8.41
8.413333333333334
8.416666666666666
8.42
8.423333333333334
8.426666666666666
8.43
8.433333333333334
8.436666666666667
8.44
8.443333333333333
8.446666666666667
8.45
8.453333333333333
8.456666666666667
8.46
8.463333333333333
8.466666666666667
8.47
8.473333333333333
8.476666666666667
8.48
8.483333333333333
8.486666666666666
8.49
8.493333333333334
8.496666666666666
8.5
8.503333333333334
8.506666666666666
8.51
8.513333333333334
8.516666666666667
8.52
8.523333333333333
8.526666666666667
8.53
8.533333333333333
8.536666666666667
8.54
8.543333333333333
8.546666666666667
8.55
8.553333333333333
8.556666666666667
8.56
8.563333333333333
8.566666666666666
8.57
8.573333333333334
8.576666666666666
8.58
8.583333333333334
8.586666666666666
8.59
8.593333333333334
8.596666666666666
8.6
8.603333333333333
8.606666666666667
8.61
8.613333333333333
8.616666666666667
8.62
8.623333333333333
8.626666666666667
8.63
8.633333333333333
8.636666666666667
8.64
8.643333333333333
8.646666666666667
8.65
8.653333333333334
8.656666666666666
8.66
8.663333333333334
8.666666666666666
8.67
8.673333333333334
8.676666666666666
8.68
8.683333333333334
8.686666666666667
8.69
8.693333333333333
8.696666666666667
8.7
8.703333333333333
8.706666666666667
8.71
8.713333333333333
8.716666666666667
8.72
8.723333333333333
8.726666666666667
8.73
8.733333333333333
8.736666666666666
8.74
8.743333333333334
8.746666666666666
8.75
8.753333333333334
8.756666666666666
8.76
8.763333333333334
8.766666666666667
8.77
8.773333333333333
8.776666666666667
8.78
8.783333333333333
8.786666666666667
8.79
8.793333333333333
8.796666666666667
8.8
8.803333333333333
8.806666666666667
8.81
8.813333333333333
8.816666666666666
8.82
8.823333333333334
8.826666666666666
8.83
8.833333333333334
8.836666666666666
8.84
8.843333333333334
8.846666666666666
8.85
8.853333333333333
8.856666666666667
8.86
8.863333333333333
8.866666666666667
8.87
8.873333333333333
8.876666666666667
8.88
8.883333333333333
8.886666666666667
8.89
8.893333333333333
8.896666666666667
8.9
8.903333333333334
8.906666666666666
8.91
8.913333333333334
8.916666666666666
8.92
8.923333333333334
8.926666666666666
8.93
8.933333333333334
8.936666666666667
8.94
8.943333333333333
8.946666666666667
8.95
8.953333333333333
8.956666666666667
8.96
8.963333333333333
8.966666666666667
8.97
8.973333333333333
8.976666666666667
8.98
8.983333333333333
8.986666666666666
8.99
8.993333333333334
8.996666666666666
9.0
9.003333333333334
9.006666666666666
9.01
9.013333333333334
9.016666666666667
9.02
9.023333333333333
9.026666666666667
9.03
9.033333333333333
9.036666666666667
9.04
9.043333333333333
9.046666666666667
9.05
9.053333333333333
9.056666666666667
9.06
9.063333333333333
9.066666666666666
9.07
9.073333333333334
9.076666666666666
9.08
9.083333333333334
9.086666666666666
9.09
9.093333333333334
9.096666666666666
9.1
9.103333333333333
9.106666666666667
9.11
9.113333333333333
9.116666666666667
9.12
9.123333333333333
9.126666666666667
9.13
9.133333333333333
9.136666666666667
9.14
9.143333333333333
9.146666666666667
9.15
9.153333333333334
9.156666666666666
9.16
9.163333333333334
9.166666666666666
9.17
9.173333333333334
9.176666666666666
9.18
9.183333333333334
9.186666666666667
9.19
9.193333333333333
9.196666666666667
9.2
9.203333333333333
9.206666666666667
9.21
9.213333333333333
9.216666666666667
9.22
9.223333333333333
9.226666666666667
9.23
9.233333333333333
9.236666666666666
9.24
9.243333333333334
9.246666666666666
9.25
9.253333333333334
9.256666666666666
9.26
9.263333333333334
9.266666666666667
9.27
9.273333333333333
9.276666666666667
9.28
9.283333333333333
9.286666666666667
9.29
9.293333333333333
9.296666666666667
9.3
9.303333333333333
9.306666666666667
9.31
9.313333333333333
9.316666666666666
9.32
9.323333333333334
9.326666666666666
9.33
9.333333333333334
9.336666666666666
9.34
9.343333333333334
9.346666666666666
9.35
9.353333333333333
9.356666666666667
9.36
9.363333333333333
9.366666666666667
9.37
9.373333333333333
9.376666666666667
9.38
9.383333333333333
9.386666666666667
9.39
9.393333333333333
9.396666666666667
9.4
9.403333333333334
9.406666666666666
9.41
9.413333333333334
9.416666666666666
9.42
9.423333333333334
9.426666666666666
9.43
9.433333333333334
9.436666666666667
9.44
9.443333333333333
9.446666666666667
9.45
9.453333333333333
9.456666666666667
9.46
9.463333333333333
9.466666666666667
9.47
9.473333333333333
9.476666666666667
9.48
9.483333333333333
9.486666666666666
9.49
9.493333333333334
9.496666666666666
9.5
9.503333333333334
9.506666666666666
9.51
9.513333333333334
9.516666666666667
9.52
9.523333333333333
9.526666666666667
9.53
9.533333333333333
9.536666666666667
9.54
9.543333333333333
9.546666666666667
9.55
9.553333333333333
9.556666666666667
9.56
9.563333333333333
9.566666666666666
9.57
9.573333333333334
9.576666666666666
9.58
9.583333333333334
9.586666666666666
9.59
9.593333333333334
9.596666666666666
9.6
9.603333333333333
9.606666666666667
9.61
9.613333333333333
9.616666666666667
9.62
9.623333333333333
9.626666666666667
9.63
9.633333333333333
9.636666666666667
9.64
9.643333333333333
9.646666666666667
9.65
9.653333333333334
9.656666666666666
9.66
9.663333333333334
9.666666666666666
9.67
9.673333333333334
9.676666666666666
9.68
9.683333333333334
9.686666666666667
9.69
9.693333333333333
9.696666666666667
9.7
9.703333333333333
9.706666666666667
9.71
9.713333333333333
9.716666666666667
9.72
9.723333333333333
9.726666666666667
9.73
9.733333333333333
9.736666666666666
9.74
9.743333333333334
9.746666666666666
9.75
9.753333333333334
9.756666666666666
9.76
9.763333333333334
9.766666666666667
9.77
9.773333333333333
9.776666666666667
9.78
9.783333333333333
9.786666666666667
9.79
9.793333333333333
9.796666666666667
9.8
9.803333333333333
9.806666666666667
9.81
9.813333333333333
9.816666666666666
9.82
9.823333333333334
9.826666666666666
9.83
9.833333333333334
9.836666666666666
9.84
9.843333333333334
9.846666666666666
9.85
9.853333333333333
9.856666666666667
9.86
9.863333333333333
9.866666666666667
9.87
9.873333333333333
9.876666666666667
9.88
9.883333333333333
9.886666666666667
9.89
9.893333333333333
9.896666666666667
9.9
9.903333333333334
9.906666666666666
9.91
9.913333333333334
9.916666666666666
9.92
9.923333333333334
9.926666666666666
9.93
9.933333333333334
9.936666666666667
9.94
9.943333333333333
9.946666666666667
9.95
9.953333333333333
9.956666666666667
9.96
9.963333333333333
9.966666666666667
9.97
9.973333333333333
9.976666666666667
9.98
9.983333333333333
9.986666666666666
9.99
9.993333333333334
9.996666666666666
10.0
10.003333333333334
10.006666666666666
10.01
10.013333333333334
10.016666666666667
10.02
10.023333333333333
10.026666666666667
10.03
10.033333333333333
10.036666666666667
10.04
10.043333333333333
10.046666666666667
10.05
10.053333333333333
10.056666666666667
10.06
10.063333333333333
10.066666666666666
10.07
10.073333333333334
10.076666666666666
10.08
10.083333333333334
10.086666666666666
10.09
10.093333333333334
10.096666666666666
10.1
10.103333333333333
10.106666666666667
10.11
10.113333333333333
10.116666666666667
10.12
10.123333333333333
10.126666666666667
10.13
10.133333333333333
10.136666666666667
10.14
10.143333333333333
10.146666666666667
10.15
10.153333333333334
10.156666666666666
10.16
10.163333333333334
10.166666666666666
10.17
10.173333333333334
10.176666666666666
10.18
10.183333333333334
10.186666666666667
10.19
10.193333333333333
10.196666666666667
10.2
10.203333333333333
10.206666666666667
10.21
10.213333333333333
10.216666666666667
10.22
10.223333333333333
10.226666666666667
10.23
10.233333333333333
10.236666666666666
10.24
10.243333333333334
10.246666666666666
10.25
10.253333333333334
10.256666666666666
10.26
10.263333333333334
10.266666666666667
10.27
10.273333333333333
10.276666666666667
10.28
10.283333333333333
10.286666666666667
10.29
10.293333333333333
10.296666666666667
10.3
10.303333333333333
10.306666666666667
10.31
10.313333333333333
10.316666666666666
10.32
10.323333333333334
10.326666666666666
10.33
10.333333333333334
10.336666666666666
10.34
10.343333333333334
10.346666666666666
10.35
10.353333333333333
10.356666666666667
10.36
10.363333333333333
10.366666666666667
10.37
10.373333333333333
10.376666666666667
10.38
10.383333333333333
10.386666666666667
10.39
10.393333333333333
10.396666666666667
10.4
10.403333333333334
10.406666666666666
10.41
10.413333333333334
10.416666666666666
10.42
10.423333333333334
10.426666666666666
10.43
10.433333333333334
10.436666666666667
10.44
10.443333333333333
10.446666666666667
10.45
10.453333333333333
10.456666666666667
10.46
10.463333333333333
10.466666666666667
10.47
10.473333333333333
10.476666666666667
10.48
10.483333333333333
10.486666666666666
10.49
10.493333333333334
10.496666666666666
10.5
10.503333333333334
10.506666666666666
10.51
10.513333333333334
10.516666666666667
10.52
10.523333333333333
10.526666666666667
10.53
10.533333333333333
10.536666666666667
10.54
10.543333333333333
10.546666666666667
10.55
10.553333333333333
10.556666666666667
10.56
10.563333333333333
10.566666666666666
10.57
10.573333333333334
10.576666666666666
10.58
10.583333333333334
10.586666666666666
10.59
10.593333333333334
10.596666666666666
10.6
10.603333333333333
10.606666666666667
10.61
10.613333333333333
10.616666666666667
10.62
10.623333333333333
10.626666666666667
10.63
10.633333333333333
10.636666666666667
10.64
10.643333333333333
10.646666666666667
10.65
10.653333333333334
10.656666666666666
10.66
10.663333333333334
10.666666666666666
10.67
10.673333333333334
10.676666666666666
10.68
10.683333333333334
10.686666666666667
10.69
10.693333333333333
10.696666666666667
10.7
10.703333333333333
10.706666666666667
10.71
10.713333333333333
10.716666666666667
10.72
10.723333333333333
10.726666666666667
10.73
10.733333333333333
10.736666666666666
10.74
10.743333333333334
10.746666666666666
10.75
10.753333333333334
10.756666666666666
10.76
10.763333333333334
10.766666666666667
10.77
10.773333333333333
10.776666666666667
10.78
10.783333333333333
10.786666666666667
10.79
10.793333333333333
10.796666666666667
10.8
10.803333333333333
10.806666666666667
10.81
10.813333333333333
10.816666666666666
10.82
10.823333333333334
10.826666666666666
10.83
10.833333333333334
10.836666666666666
10.84
10.843333333333334
10.846666666666666
10.85
10.853333333333333
10.856666666666667
10.86
10.863333333333333
10.866666666666667
10.87
10.873333333333333
10.876666666666667
10.88
10.883333333333333
10.886666666666667
10.89
10.893333333333333
10.896666666666667
10.9
10.903333333333334
10.906666666666666
10.91
10.913333333333334
10.916666666666666
10.92
10.923333333333334
10.926666666666666
10.93
10.933333333333334
10.936666666666667
10.94
10.943333333333333
10.946666666666667
10.95
10.953333333333333
10.956666666666667
10.96
10.963333333333333
10.966666666666667
10.97
10.973333333333333
10.976666666666667
10.98
10.983333333333333
10.986666666666666
10.99
10.993333333333334
10.996666666666666
11.0
11.003333333333334
11.006666666666666
11.01
11.013333333333334
11.016666666666667
11.02
11.023333333333333
11.026666666666667
11.03
11.033333333333333
11.036666666666667
11.04
11.043333333333333
11.046666666666667
11.05
11.053333333333333
11.056666666666667
11.06
11.063333333333333
11.066666666666666
11.07
11.073333333333334
11.076666666666666
11.08
11.083333333333334
11.086666666666666
11.09
11.093333333333334
11.096666666666666
11.1
11.103333333333333
11.106666666666667
11.11
11.113333333333333
11.116666666666667
11.12
11.123333333333333
11.126666666666667
11.13
11.133333333333333
11.136666666666667
11.14
11.143333333333333
11.146666666666667
11.15
11.153333333333334
11.156666666666666
11.16
11.163333333333334
11.166666666666666
11.17
11.173333333333334
11.176666666666666
11.18
11.183333333333334
11.186666666666667
11.19
11.193333333333333
11.196666666666667
11.2
11.203333333333333
11.206666666666667
11.21
11.213333333333333
11.216666666666667
11.22
11.223333333333333
11.226666666666667
11.23
11.233333333333333
11.236666666666666
11.24
11.243333333333334
11.246666666666666
11.25
11.253333333333334
11.256666666666666
11.26
11.263333333333334
11.266666666666667
11.27
11.273333333333333
11.276666666666667
11.28
11.283333333333333
11.286666666666667
11.29
11.293333333333333
11.296666666666667
11.3
11.303333333333333
11.306666666666667
11.31
11.313333333333333
11.316666666666666
11.32
11.323333333333334
11.326666666666666
11.33
11.333333333333334
11.336666666666666
11.34
11.343333333333334
11.346666666666666
11.35
11.353333333333333
11.356666666666667
11.36
11.363333333333333
11.366666666666667
11.37
11.373333333333333
11.376666666666667
11.38
11.383333333333333
11.386666666666667
11.39
11.393333333333333
11.396666666666667
11.4
11.403333333333334
11.406666666666666
11.41
11.413333333333334
11.416666666666666
11.42
11.423333333333334
11.426666666666666
11.43
11.433333333333334
11.436666666666667
11.44
11.443333333333333
11.446666666666667
11.45
11.453333333333333
11.456666666666667
11.46
11.463333333333333
11.466666666666667
11.47
11.473333333333333
11.476666666666667
11.48
11.483333333333333
11.486666666666666
11.49
11.493333333333334
11.496666666666666
11.5
11.503333333333334
11.506666666666666
11.51
11.513333333333334
11.516666666666667
11.52
11.523333333333333
11.526666666666667
11.53
11.533333333333333
11.536666666666667
11.54
11.543333333333333
11.546666666666667
11.55
11.553333333333333
11.556666666666667
11.56
11.563333333333333
11.566666666666666
11.57
11.573333333333334
11.576666666666666
11.58
11.583333333333334
11.586666666666666
11.59
11.593333333333334
11.596666666666666
11.6
11.603333333333333
11.606666666666667
11.61
11.613333333333333
11.616666666666667
11.62
11.623333333333333
11.626666666666667
11.63
11.633333333333333
11.636666666666667
11.64
11.643333333333333
11.646666666666667
11.65
11.653333333333334
11.656666666666666
11.66
11.663333333333334
11.666666666666666
11.67
11.673333333333334
11.676666666666666
11.68
11.683333333333334
11.686666666666667
11.69
11.693333333333333
11.696666666666667
11.7
11.703333333333333
11.706666666666667
11.71
11.713333333333333
11.716666666666667
11.72
11.723333333333333
11.726666666666667
11.73
11.733333333333333
11.736666666666666
11.74
11.743333333333334
11.746666666666666
11.75
11.753333333333334
11.756666666666666
11.76
11.763333333333334
11.766666666666667
11.77
11.773333333333333
11.776666666666667
11.78
11.783333333333333
11.786666666666667
11.79
11.793333333333333
11.796666666666667
11.8
11.803333333333333
11.806666666666667
11.81
11.813333333333333
11.816666666666666
11.82
11.823333333333334
11.826666666666666
11.83
11.833333333333334
11.836666666666666
11.84
11.843333333333334
11.846666666666666
11.85
11.853333333333333
11.856666666666667
11.86
11.863333333333333
11.866666666666667
11.87
11.873333333333333
11.876666666666667
11.88
11.883333333333333
11.886666666666667
11.89
11.893333333333333
11.896666666666667
11.9
11.903333333333334
11.906666666666666
11.91
11.913333333333334
11.916666666666666
11.92
11.923333333333334
11.926666666666666
11.93
11.933333333333334
11.936666666666667
11.94
11.943333333333333
11.946666666666667
11.95
11.953333333333333
11.956666666666667
11.96
11.963333333333333
11.966666666666667
11.97
11.973333333333333
11.976666666666667
11.98
11.983333333333333
11.986666666666666
11.99
11.993333333333334
11.996666666666666
12.0
12.003333333333334
12.006666666666666
12.01
12.013333333333334
12.016666666666667
12.02
12.023333333333333
12.026666666666667
12.03
12.033333333333333
12.036666666666667
12.04
12.043333333333333
12.046666666666667
12.05
12.053333333333333
12.056666666666667
12.06
12.063333333333333
12.066666666666666
12.07
12.073333333333334
12.076666666666666
12.08
12.083333333333334
12.086666666666666
12.09
12.093333333333334
12.096666666666666
12.1
12.103333333333333
12.106666666666667
12.11
12.113333333333333
12.116666666666667
12.12
12.123333333333333
12.126666666666667
12.13
12.133333333333333
12.136666666666667
12.14
12.143333333333333
12.146666666666667
12.15
12.153333333333334
12.156666666666666
12.16
12.163333333333334
12.166666666666666
12.17
12.173333333333334
12.176666666666666
12.18
12.183333333333334
12.186666666666667
12.19
12.193333333333333
12.196666666666667
12.2
12.203333333333333
12.206666666666667
12.21
12.213333333333333
12.216666666666667
12.22
12.223333333333333
12.226666666666667
12.23
12.233333333333333
12.236666666666666
12.24
12.243333333333334
12.246666666666666
12.25
12.253333333333334
12.256666666666666
12.26
12.263333333333334
12.266666666666667
12.27
12.273333333333333
12.276666666666667
12.28
12.283333333333333
12.286666666666667
12.29
12.293333333333333
12.296666666666667
12.3
12.303333333333333
12.306666666666667
12.31
12.313333333333333
12.316666666666666
12.32
12.323333333333334
12.326666666666666
12.33
12.333333333333334
12.336666666666666
12.34
12.343333333333334
12.346666666666666
12.35
12.353333333333333
12.356666666666667
12.36
12.363333333333333
12.366666666666667
12.37
12.373333333333333
12.376666666666667
12.38
12.383333333333333
12.386666666666667
12.39
12.393333333333333
12.396666666666667
12.4
12.403333333333334
12.406666666666666
12.41
12.413333333333334
12.416666666666666
12.42
12.423333333333334
12.426666666666666
12.43
12.433333333333334
12.436666666666667
12.44
12.443333333333333
12.446666666666667
12.45
12.453333333333333
12.456666666666667
12.46
12.463333333333333
12.466666666666667
12.47
12.473333333333333
12.476666666666667
12.48
12.483333333333333
12.486666666666666
12.49
12.493333333333334
12.496666666666666
12.5
12.503333333333334
12.506666666666666
12.51
12.513333333333334
12.516666666666667
12.52
12.523333333333333
12.526666666666667
12.53
12.533333333333333
12.536666666666667
12.54
12.543333333333333
12.546666666666667
12.55
12.553333333333333
12.556666666666667
12.56
12.563333333333333
12.566666666666666
12.57
12.573333333333334
12.576666666666666
12.58
12.583333333333334
12.586666666666666
12.59
12.593333333333334
12.596666666666666
12.6
12.603333333333333
12.606666666666667
12.61
12.613333333333333
12.616666666666667
12.62
12.623333333333333
12.626666666666667
12.63
12.633333333333333
12.636666666666667
12.64
12.643333333333333
12.646666666666667
12.65
12.653333333333334
12.656666666666666
12.66
12.663333333333334
12.666666666666666
12.67
12.673333333333334
12.676666666666666
12.68
12.683333333333334
12.686666666666667
12.69
12.693333333333333
12.696666666666667
12.7
12.703333333333333
12.706666666666667
12.71
12.713333333333333
12.716666666666667
12.72
12.723333333333333
12.726666666666667
12.73
12.733333333333333
12.736666666666666
12.74
12.743333333333334
12.746666666666666
12.75
12.753333333333334
12.756666666666666
12.76
12.763333333333334
12.766666666666667
12.77
12.773333333333333
12.776666666666667
12.78
12.783333333333333
12.786666666666667
12.79
12.793333333333333
12.796666666666667
12.8
12.803333333333333
12.806666666666667
12.81
12.813333333333333
12.816666666666666
12.82
12.823333333333334
12.826666666666666
12.83
12.833333333333334
12.836666666666666
12.84
12.843333333333334
12.846666666666666
12.85
12.853333333333333
12.856666666666667
12.86
12.863333333333333
12.866666666666667
12.87
12.873333333333333
12.876666666666667
12.88
12.883333333333333
12.886666666666667
12.89
12.893333333333333
12.896666666666667
12.9
12.903333333333334
12.906666666666666
12.91
12.913333333333334
12.916666666666666
12.92
12.923333333333334
12.926666666666666
12.93
12.933333333333334
12.936666666666667
12.94
12.943333333333333
12.946666666666667
12.95
12.953333333333333
12.956666666666667
12.96
12.963333333333333
12.966666666666667
12.97
12.973333333333333
12.976666666666667
12.98
12.983333333333333
12.986666666666666
12.99
12.993333333333334
12.996666666666666
13.0
13.003333333333334
13.006666666666666
13.01
13.013333333333334
13.016666666666667
13.02
13.023333333333333
13.026666666666667
13.03
13.033333333333333
13.036666666666667
13.04
13.043333333333333
13.046666666666667
13.05
13.053333333333333
13.056666666666667
13.06
13.063333333333333
13.066666666666666
13.07
13.073333333333334
13.076666666666666
13.08
13.083333333333334
13.086666666666666
13.09
13.093333333333334
13.096666666666666
13.1
13.103333333333333
13.106666666666667
13.11
13.113333333333333
13.116666666666667
13.12
13.123333333333333
13.126666666666667
13.13
13.133333333333333
13.136666666666667
13.14
13.143333333333333
13.146666666666667
13.15
13.153333333333334
13.156666666666666
13.16
13.163333333333334
13.166666666666666
13.17
13.173333333333334
13.176666666666666
13.18
13.183333333333334
13.186666666666667
13.19
13.193333333333333
13.196666666666667
13.2
13.203333333333333
13.206666666666667
13.21
13.213333333333333
13.216666666666667
13.22
13.223333333333333
13.226666666666667
13.23
13.233333333333333
13.236666666666666
13.24
13.243333333333334
13.246666666666666
13.25
13.253333333333334
13.256666666666666
13.26
13.263333333333334
13.266666666666667
13.27
13.273333333333333
13.276666666666667
13.28
13.283333333333333
13.286666666666667
13.29
13.293333333333333
13.296666666666667
13.3
13.303333333333333
13.306666666666667
13.31
13.313333333333333
13.316666666666666
13.32
13.323333333333334
13.326666666666666
13.33
13.333333333333334
13.336666666666666
13.34
13.343333333333334
13.346666666666666
13.35
13.353333333333333
13.356666666666667
13.36
13.363333333333333
13.366666666666667
13.37
13.373333333333333
13.376666666666667
13.38
13.383333333333333
13.386666666666667
13.39
13.393333333333333
13.396666666666667
13.4
13.403333333333334
13.406666666666666
13.41
13.413333333333334
13.416666666666666
13.42
13.423333333333334
13.426666666666666
13.43
13.433333333333334
13.436666666666667
13.44
13.443333333333333
13.446666666666667
13.45
13.453333333333333
13.456666666666667
13.46
13.463333333333333
13.466666666666667
13.47
13.473333333333333
13.476666666666667
13.48
13.483333333333333
13.486666666666666
13.49
13.493333333333334
13.496666666666666
13.5
13.503333333333334
13.506666666666666
13.51
13.513333333333334
13.516666666666667
13.52
13.523333333333333
13.526666666666667
13.53
13.533333333333333
13.536666666666667
13.54
13.543333333333333
13.546666666666667
13.55
13.553333333333333
13.556666666666667
13.56
13.563333333333333
13.566666666666666
13.57
13.573333333333334
13.576666666666666
13.58
13.583333333333334
13.586666666666666
13.59
13.593333333333334
13.596666666666666
13.6
13.603333333333333
13.606666666666667
13.61
13.613333333333333
13.616666666666667
13.62
13.623333333333333
13.626666666666667
13.63
13.633333333333333
13.636666666666667
13.64
13.643333333333333
13.646666666666667
13.65
13.653333333333334
13.656666666666666
13.66
13.663333333333334
13.666666666666666
13.67
13.673333333333334
13.676666666666666
13.68
13.683333333333334
13.686666666666667
13.69
13.693333333333333
13.696666666666667
13.7
13.703333333333333
13.706666666666667
13.71
13.713333333333333
13.716666666666667
13.72
13.723333333333333
13.726666666666667
13.73
13.733333333333333
13.736666666666666
13.74
13.743333333333334
13.746666666666666
13.75
13.753333333333334
13.756666666666666
13.76
13.763333333333334
13.766666666666667
13.77
13.773333333333333
13.776666666666667
13.78
13.783333333333333
13.786666666666667
13.79
13.793333333333333
13.796666666666667
13.8
13.803333333333333
13.806666666666667
13.81
13.813333333333333
13.816666666666666
13.82
13.823333333333334
13.826666666666666
13.83
13.833333333333334
13.836666666666666
13.84
13.843333333333334
13.846666666666666
13.85
13.853333333333333
13.856666666666667
13.86
13.863333333333333
13.866666666666667
13.87
13.873333333333333
13.876666666666667
13.88
13.883333333333333
13.886666666666667
13.89
13.893333333333333
13.896666666666667
13.9
13.903333333333334
13.906666666666666
13.91
13.913333333333334
13.916666666666666
13.92
13.923333333333334
13.926666666666666
13.93
13.933333333333334
13.936666666666667
13.94
13.943333333333333
13.946666666666667
13.95
13.953333333333333
13.956666666666667
13.96
13.963333333333333
13.966666666666667
13.97
13.973333333333333
13.976666666666667
13.98
13.983333333333333
13.986666666666666
13.99
13.993333333333334
13.996666666666666
14.0
14.003333333333334
14.006666666666666
14.01
14.013333333333334
14.016666666666667
14.02
14.023333333333333
14.026666666666667
14.03
14.033333333333333
14.036666666666667
14.04
14.043333333333333
14.046666666666667
14.05
14.053333333333333
14.056666666666667
14.06
14.063333333333333
14.066666666666666
14.07
14.073333333333334
14.076666666666666
14.08
14.083333333333334
14.086666666666666
14.09
14.093333333333334
14.096666666666666
14.1
14.103333333333333
14.106666666666667
14.11
14.113333333333333
14.116666666666667
14.12
14.123333333333333
14.126666666666667
14.13
14.133333333333333
14.136666666666667
14.14
14.143333333333333
14.146666666666667
14.15
14.153333333333334
14.156666666666666
14.16
14.163333333333334
14.166666666666666
14.17
14.173333333333334
14.176666666666666
14.18
14.183333333333334
14.186666666666667
14.19
14.193333333333333
14.196666666666667
14.2
14.203333333333333
14.206666666666667
14.21
14.213333333333333
14.216666666666667
14.22
14.223333333333333
14.226666666666667
14.23
14.233333333333333
14.236666666666666
14.24
14.243333333333334
14.246666666666666
14.25
14.253333333333334
14.256666666666666
14.26
14.263333333333334
14.266666666666667
14.27
14.273333333333333
14.276666666666667
14.28
14.283333333333333
14.286666666666667
14.29
14.293333333333333
14.296666666666667
14.3
14.303333333333333
14.306666666666667
14.31
14.313333333333333
14.316666666666666
14.32
14.323333333333334
14.326666666666666
14.33
14.333333333333334
14.336666666666666
14.34
14.343333333333334
14.346666666666666
14.35
14.353333333333333
14.356666666666667
14.36
14.363333333333333
14.366666666666667
14.37
14.373333333333333
14.376666666666667
14.38
14.383333333333333
14.386666666666667
14.39
14.393333333333333
14.396666666666667
14.4
14.403333333333334
14.406666666666666
14.41
14.413333333333334
14.416666666666666
14.42
14.423333333333334
14.426666666666666
14.43
14.433333333333334
14.436666666666667
14.44
14.443333333333333
14.446666666666667
14.45
14.453333333333333
14.456666666666667
14.46
14.463333333333333
14.466666666666667
14.47
14.473333333333333
14.476666666666667
14.48
14.483333333333333
14.486666666666666
14.49
14.493333333333334
14.496666666666666
14.5
14.503333333333334
14.506666666666666
14.51
14.513333333333334
14.516666666666667
14.52
14.523333333333333
14.526666666666667
14.53
14.533333333333333
14.536666666666667
14.54
14.543333333333333
14.546666666666667
14.55
14.553333333333333
14.556666666666667
14.56
14.563333333333333
14.566666666666666
14.57
14.573333333333334
14.576666666666666
14.58
14.583333333333334
14.586666666666666
14.59
14.593333333333334
14.596666666666666
14.6
14.603333333333333
14.606666666666667
14.61
14.613333333333333
14.616666666666667
14.62
14.623333333333333
14.626666666666667
14.63
14.633333333333333
14.636666666666667
14.64
14.643333333333333
14.646666666666667
14.65
14.653333333333334
14.656666666666666
14.66
14.663333333333334
14.666666666666666
14.67
14.673333333333334
14.676666666666666
14.68
14.683333333333334
14.686666666666667
14.69
14.693333333333333
14.696666666666667
14.7
14.703333333333333
14.706666666666667
14.71
14.713333333333333
14.716666666666667
14.72
14.723333333333333
14.726666666666667
14.73
14.733333333333333
14.736666666666666
14.74
14.743333333333334
14.746666666666666
14.75
14.753333333333334
14.756666666666666
14.76
14.763333333333334
14.766666666666667
14.77
14.773333333333333
14.776666666666667
14.78
14.783333333333333
14.786666666666667
14.79
14.793333333333333
14.796666666666667
14.8
14.803333333333333
14.806666666666667
14.81
14.813333333333333
14.816666666666666
14.82
14.823333333333334
14.826666666666666
14.83
14.833333333333334
14.836666666666666
14.84
14.843333333333334
14.846666666666666
14.85
14.853333333333333
14.856666666666667
14.86
14.863333333333333
14.866666666666667
14.87
14.873333333333333
14.876666666666667
14.88
14.883333333333333
14.886666666666667
14.89
14.893333333333333
14.896666666666667
14.9
14.903333333333334
14.906666666666666
14.91
14.913333333333334
14.916666666666666
14.92
14.923333333333334
14.926666666666666
14.93
14.933333333333334
14.936666666666667
14.94
14.943333333333333
14.946666666666667
14.95
14.953333333333333
14.956666666666667
14.96
14.963333333333333
14.966666666666667
14.97
14.973333333333333
14.976666666666667
14.98
14.983333333333333
14.986666666666666
14.99
14.993333333333334
14.996666666666666
15.0
15.003333333333334
15.006666666666666
15.01
15.013333333333334
15.016666666666667
15.02
15.023333333333333
15.026666666666667
15.03
15.033333333333333
15.036666666666667
15.04
15.043333333333333
15.046666666666667
15.05
15.053333333333333
15.056666666666667
15.06
15.063333333333333
15.066666666666666
15.07
15.073333333333334
15.076666666666666
15.08
15.083333333333334
15.086666666666666
15.09
15.093333333333334
15.096666666666666
15.1
15.103333333333333
15.106666666666667
15.11
15.113333333333333
15.116666666666667
15.12
15.123333333333333
15.126666666666667
15.13
15.133333333333333
15.136666666666667
15.14
15.143333333333333
15.146666666666667
15.15
15.153333333333334
15.156666666666666
15.16
15.163333333333334
15.166666666666666
15.17
15.173333333333334
15.176666666666666
15.18
15.183333333333334
15.186666666666667
15.19
15.193333333333333
15.196666666666667
15.2
15.203333333333333
15.206666666666667
15.21
15.213333333333333
15.216666666666667
15.22
15.223333333333333
15.226666666666667
15.23
15.233333333333333
15.236666666666666
15.24
15.243333333333334
15.246666666666666
15.25
15.253333333333334
15.256666666666666
15.26
15.263333333333334
15.266666666666667
15.27
15.273333333333333
15.276666666666667
15.28
15.283333333333333
15.286666666666667
15.29
15.293333333333333
15.296666666666667
15.3
15.303333333333333
15.306666666666667
15.31
15.313333333333333
15.316666666666666
15.32
15.323333333333334
15.326666666666666
15.33
15.333333333333334
15.336666666666666
15.34
15.343333333333334
15.346666666666666
15.35
15.353333333333333
15.356666666666667
15.36
15.363333333333333
15.366666666666667
15.37
15.373333333333333
15.376666666666667
15.38
15.383333333333333
15.386666666666667
15.39
15.393333333333333
15.396666666666667
15.4
15.403333333333334
15.406666666666666
15.41
15.413333333333334
15.416666666666666
15.42
15.423333333333334
15.426666666666666
15.43
15.433333333333334
15.436666666666667
15.44
15.443333333333333
15.446666666666667
15.45
15.453333333333333
15.456666666666667
15.46
15.463333333333333
15.466666666666667
15.47
15.473333333333333
15.476666666666667
15.48
15.483333333333333
15.486666666666666
15.49
15.493333333333334
15.496666666666666
15.5
15.503333333333334
15.506666666666666
15.51
15.513333333333334
15.516666666666667
15.52
15.523333333333333
15.526666666666667
15.53
15.533333333333333
15.536666666666667
15.54
15.543333333333333
15.546666666666667
15.55
15.553333333333333
15.556666666666667
15.56
15.563333333333333
15.566666666666666
15.57
15.573333333333334
15.576666666666666
15.58
15.583333333333334
15.586666666666666
15.59
15.593333333333334
15.596666666666666
15.6
15.603333333333333
15.606666666666667
15.61
15.613333333333333
15.616666666666667
15.62
15.623333333333333
15.626666666666667
15.63
15.633333333333333
15.636666666666667
15.64
15.643333333333333
15.646666666666667
15.65
15.653333333333334
15.656666666666666
15.66
15.663333333333334
15.666666666666666
15.67
15.673333333333334
15.676666666666666
15.68
15.683333333333334
15.686666666666667
15.69
15.693333333333333
15.696666666666667
15.7
15.703333333333333
15.706666666666667
15.71
15.713333333333333
15.716666666666667
15.72
15.723333333333333
15.726666666666667
15.73
15.733333333333333
15.736666666666666
15.74
15.743333333333334
15.746666666666666
15.75
15.753333333333334
15.756666666666666
15.76
15.763333333333334
15.766666666666667
15.77
15.773333333333333
15.776666666666667
15.78
15.783333333333333
15.786666666666667
15.79
15.793333333333333
15.796666666666667
15.8
15.803333333333333
15.806666666666667
15.81
15.813333333333333
15.816666666666666
15.82
15.823333333333334
15.826666666666666
15.83
15.833333333333334
15.836666666666666
15.84
15.843333333333334
15.846666666666666
15.85
15.853333333333333
15.856666666666667
15.86
15.863333333333333
15.866666666666667
15.87
15.873333333333333
15.876666666666667
15.88
15.883333333333333
15.886666666666667
15.89
15.893333333333333
15.896666666666667
15.9
15.903333333333334
15.906666666666666
15.91
15.913333333333334
15.916666666666666
15.92
15.923333333333334
15.926666666666666
15.93
15.933333333333334
15.936666666666667
15.94
15.943333333333333
15.946666666666667
15.95
15.953333333333333
15.956666666666667
15.96
15.963333333333333
15.966666666666667
15.97
15.973333333333333
15.976666666666667
15.98
15.983333333333333
15.986666666666666
15.99
15.993333333333334
15.996666666666666
16.0
16.003333333333334
16.006666666666668
16.01
16.013333333333332
16.016666666666666
16.02
16.023333333333333
16.026666666666667
16.03
16.033333333333335
16.036666666666665
16.04
16.043333333333333
16.046666666666667
16.05
16.053333333333335
16.05666666666667
16.06
16.063333333333333
16.066666666666666
16.07
16.073333333333334
16.076666666666668
16.08
16.083333333333332
16.086666666666666
16.09
16.093333333333334
16.096666666666668
16.1
16.10333333333333
16.106666666666666
16.11
16.113333333333333
16.116666666666667
16.12
16.123333333333335
16.126666666666665
16.13
16.133333333333333
16.136666666666667
16.14
16.143333333333334
16.14666666666667
16.15
16.153333333333332
16.156666666666666
16.16
16.163333333333334
16.166666666666668
16.17
16.173333333333332
16.176666666666666
16.18
16.183333333333334
16.186666666666667
16.19
16.19333333333333
16.196666666666665
16.2
16.203333333333333
16.206666666666667
16.21
16.213333333333335
16.216666666666665
16.22
16.223333333333333
16.226666666666667
16.23
16.233333333333334
16.236666666666668
16.24
16.243333333333332
16.246666666666666
16.25
16.253333333333334
16.256666666666668
16.26
16.263333333333332
16.266666666666666
16.27
16.273333333333333
16.276666666666667
16.28
16.283333333333335
16.286666666666665
16.29
16.293333333333333
16.296666666666667
16.3
16.303333333333335
16.30666666666667
16.31
16.313333333333333
16.316666666666666
16.32
16.323333333333334
16.326666666666668
16.33
16.333333333333332
16.336666666666666
16.34
16.343333333333334
16.346666666666668
16.35
16.35333333333333
16.356666666666666
16.36
16.363333333333333
16.366666666666667
16.37
16.373333333333335
16.376666666666665
16.38
16.383333333333333
16.386666666666667
16.39
16.393333333333334
16.39666666666667
16.4
16.403333333333332
16.406666666666666
16.41
16.413333333333334
16.416666666666668
16.42
16.423333333333332
16.426666666666666
16.43
16.433333333333334
16.436666666666667
16.44
16.44333333333333
16.446666666666665
16.45
16.453333333333333
16.456666666666667
16.46
16.463333333333335
16.466666666666665
16.47
16.473333333333333
16.476666666666667
16.48
16.483333333333334
16.486666666666668
16.49
16.493333333333332
16.496666666666666
16.5
16.503333333333334
16.506666666666668
16.51
16.513333333333332
16.516666666666666
16.52
16.523333333333333
16.526666666666667
16.53
16.533333333333335
16.536666666666665
16.54
16.543333333333333
16.546666666666667
16.55
16.553333333333335
16.55666666666667
16.56
16.563333333333333
16.566666666666666
16.57
16.573333333333334
16.576666666666668
16.58
16.583333333333332
16.586666666666666
16.59
16.593333333333334
16.596666666666668
16.6
16.60333333333333
16.606666666666666
16.61
16.613333333333333
16.616666666666667
16.62
16.623333333333335
16.626666666666665
16.63
16.633333333333333
16.636666666666667
16.64
16.643333333333334
16.64666666666667
16.65
16.653333333333332
16.656666666666666
16.66
16.663333333333334
16.666666666666668
16.67
16.673333333333332
16.676666666666666
16.68
16.683333333333334
16.686666666666667
16.69
16.69333333333333
16.696666666666665
16.7
16.703333333333333
16.706666666666667
16.71
16.713333333333335
16.716666666666665
16.72
16.723333333333333
16.726666666666667
16.73
16.733333333333334
16.736666666666668
16.74
16.743333333333332
16.746666666666666
16.75
16.753333333333334
16.756666666666668
16.76
16.763333333333332
16.766666666666666
16.77
16.773333333333333
16.776666666666667
16.78
16.783333333333335
16.786666666666665
16.79
16.793333333333333
16.796666666666667
16.8
16.803333333333335
16.80666666666667
16.81
16.813333333333333
16.816666666666666
16.82
16.823333333333334
16.826666666666668
16.83
16.833333333333332
16.836666666666666
16.84
16.843333333333334
16.846666666666668
16.85
16.85333333333333
16.856666666666666
16.86
16.863333333333333
16.866666666666667
16.87
16.873333333333335
16.876666666666665
16.88
16.883333333333333
16.886666666666667
16.89
16.893333333333334
16.89666666666667
16.9
16.903333333333332
16.906666666666666
16.91
16.913333333333334
16.916666666666668
16.92
16.923333333333332
16.926666666666666
16.93
16.933333333333334
16.936666666666667
16.94
16.94333333333333
16.946666666666665
16.95
16.953333333333333
16.956666666666667
16.96
16.963333333333335
16.966666666666665
16.97
16.973333333333333
16.976666666666667
16.98
16.983333333333334
16.986666666666668
16.99
16.993333333333332
16.996666666666666
17.0
17.003333333333334
17.006666666666668
17.01
17.013333333333332
17.016666666666666
17.02
17.023333333333333
17.026666666666667
17.03
17.033333333333335
17.036666666666665
17.04
17.043333333333333
17.046666666666667
17.05
17.053333333333335
17.05666666666667
17.06
17.063333333333333
17.066666666666666
17.07
17.073333333333334
17.076666666666668
17.08
17.083333333333332
17.086666666666666
17.09
17.093333333333334
17.096666666666668
17.1
17.10333333333333
17.106666666666666
17.11
17.113333333333333
17.116666666666667
17.12
17.123333333333335
17.126666666666665
17.13
17.133333333333333
17.136666666666667
17.14
17.143333333333334
17.14666666666667
17.15
17.153333333333332
17.156666666666666
17.16
17.163333333333334
17.166666666666668
17.17
17.173333333333332
17.176666666666666
17.18
17.183333333333334
17.186666666666667
17.19
17.19333333333333
17.196666666666665
17.2
17.203333333333333
17.206666666666667
17.21
17.213333333333335
17.216666666666665
17.22
17.223333333333333
17.226666666666667
17.23
17.233333333333334
17.236666666666668
17.24
17.243333333333332
17.246666666666666
17.25
17.253333333333334
17.256666666666668
17.26
17.263333333333332
17.266666666666666
17.27
17.273333333333333
17.276666666666667
17.28
17.283333333333335
17.286666666666665
17.29
17.293333333333333
17.296666666666667
17.3
17.303333333333335
17.30666666666667
17.31
17.313333333333333
17.316666666666666
17.32
17.323333333333334
17.326666666666668
17.33
17.333333333333332
17.336666666666666
17.34
17.343333333333334
17.346666666666668
17.35
17.35333333333333
17.356666666666666
17.36
17.363333333333333
17.366666666666667
17.37
17.373333333333335
17.376666666666665
17.38
17.383333333333333
17.386666666666667
17.39
17.393333333333334
17.39666666666667
17.4
17.403333333333332
17.406666666666666
17.41
17.413333333333334
17.416666666666668
17.42
17.423333333333332
17.426666666666666
17.43
17.433333333333334
17.436666666666667
17.44
17.44333333333333
17.446666666666665
17.45
17.453333333333333
17.456666666666667
17.46
17.463333333333335
17.466666666666665
17.47
17.473333333333333
17.476666666666667
17.48
17.483333333333334
17.486666666666668
17.49
17.493333333333332
17.496666666666666
17.5
17.503333333333334
17.506666666666668
17.51
17.513333333333332
17.516666666666666
17.52
17.523333333333333
17.526666666666667
17.53
17.533333333333335
17.536666666666665
17.54
17.543333333333333
17.546666666666667
17.55
17.553333333333335
17.55666666666667
17.56
17.563333333333333
17.566666666666666
17.57
17.573333333333334
17.576666666666668
17.58
17.583333333333332
17.586666666666666
17.59
17.593333333333334
17.596666666666668
17.6
17.60333333333333
17.606666666666666
17.61
17.613333333333333
17.616666666666667
17.62
17.623333333333335
17.626666666666665
17.63
17.633333333333333
17.636666666666667
17.64
17.643333333333334
17.64666666666667
17.65
17.653333333333332
17.656666666666666
17.66
17.663333333333334
17.666666666666668
17.67
17.673333333333332
17.676666666666666
17.68
17.683333333333334
17.686666666666667
17.69
17.69333333333333
17.696666666666665
17.7
17.703333333333333
17.706666666666667
17.71
17.713333333333335
17.716666666666665
17.72
17.723333333333333
17.726666666666667
17.73
17.733333333333334
17.736666666666668
17.74
17.743333333333332
17.746666666666666
17.75
17.753333333333334
17.756666666666668
17.76
17.763333333333332
17.766666666666666
17.77
17.773333333333333
17.776666666666667
17.78
17.783333333333335
17.786666666666665
17.79
17.793333333333333
17.796666666666667
17.8
17.803333333333335
17.80666666666667
17.81
17.813333333333333
17.816666666666666
17.82
17.823333333333334
17.826666666666668
17.83
17.833333333333332
17.836666666666666
17.84
17.843333333333334
17.846666666666668
17.85
17.85333333333333
17.856666666666666
17.86
17.863333333333333
17.866666666666667
17.87
17.873333333333335
17.876666666666665
17.88
17.883333333333333
17.886666666666667
17.89
17.893333333333334
17.89666666666667
17.9
17.903333333333332
17.906666666666666
17.91
17.913333333333334
17.916666666666668
17.92
17.923333333333332
17.926666666666666
17.93
17.933333333333334
17.936666666666667
17.94
17.94333333333333
17.946666666666665
17.95
17.953333333333333
17.956666666666667
17.96
17.963333333333335
17.966666666666665
17.97
17.973333333333333
17.976666666666667
17.98
17.983333333333334
17.986666666666668
17.99
17.993333333333332
17.996666666666666
18.0
18.003333333333334
18.006666666666668
18.01
18.013333333333332
18.016666666666666
18.02
18.023333333333333
18.026666666666667
18.03
18.033333333333335
18.036666666666665
18.04
18.043333333333333
18.046666666666667
18.05
18.053333333333335
18.05666666666667
18.06
18.063333333333333
18.066666666666666
18.07
18.073333333333334
18.076666666666668
18.08
18.083333333333332
18.086666666666666
18.09
18.093333333333334
18.096666666666668
18.1
18.10333333333333
18.106666666666666
18.11
18.113333333333333
18.116666666666667
18.12
18.123333333333335
18.126666666666665
18.13
18.133333333333333
18.136666666666667
18.14
18.143333333333334
18.14666666666667
18.15
18.153333333333332
18.156666666666666
18.16
18.163333333333334
18.166666666666668
18.17
18.173333333333332
18.176666666666666
18.18
18.183333333333334
18.186666666666667
18.19
18.19333333333333
18.196666666666665
18.2
18.203333333333333
18.206666666666667
18.21
18.213333333333335
18.216666666666665
18.22
18.223333333333333
18.226666666666667
18.23
18.233333333333334
18.236666666666668
18.24
18.243333333333332
18.246666666666666
18.25
18.253333333333334
18.256666666666668
18.26
18.263333333333332
18.266666666666666
18.27
18.273333333333333
18.276666666666667
18.28
18.283333333333335
18.286666666666665
18.29
18.293333333333333
18.296666666666667
18.3
18.303333333333335
18.30666666666667
18.31
18.313333333333333
18.316666666666666
18.32
18.323333333333334
18.326666666666668
18.33
18.333333333333332
18.336666666666666
18.34
18.343333333333334
18.346666666666668
18.35
18.35333333333333
18.356666666666666
18.36
18.363333333333333
18.366666666666667
18.37
18.373333333333335
18.376666666666665
18.38
18.383333333333333
18.386666666666667
18.39
18.393333333333334
18.39666666666667
18.4
18.403333333333332
18.406666666666666
18.41
18.413333333333334
18.416666666666668
18.42
18.423333333333332
18.426666666666666
18.43
18.433333333333334
18.436666666666667
18.44
18.44333333333333
18.446666666666665
18.45
18.453333333333333
18.456666666666667
18.46
18.463333333333335
18.466666666666665
18.47
18.473333333333333
18.476666666666667
18.48
18.483333333333334
18.486666666666668
18.49
18.493333333333332
18.496666666666666
18.5
18.503333333333334
18.506666666666668
18.51
18.513333333333332
18.516666666666666
18.52
18.523333333333333
18.526666666666667
18.53
18.533333333333335
18.536666666666665
18.54
18.543333333333333
18.546666666666667
18.55
18.553333333333335
18.55666666666667
18.56
18.563333333333333
18.566666666666666
18.57
18.573333333333334
18.576666666666668
18.58
18.583333333333332
18.586666666666666
18.59
18.593333333333334
18.596666666666668
18.6
18.60333333333333
18.606666666666666
18.61
18.613333333333333
18.616666666666667
18.62
18.623333333333335
18.626666666666665
18.63
18.633333333333333
18.636666666666667
18.64
18.643333333333334
18.64666666666667
18.65
18.653333333333332
18.656666666666666
18.66
18.663333333333334
18.666666666666668
18.67
18.673333333333332
18.676666666666666
18.68
18.683333333333334
18.686666666666667
18.69
18.69333333333333
18.696666666666665
18.7
18.703333333333333
18.706666666666667
18.71
18.713333333333335
18.716666666666665
18.72
18.723333333333333
18.726666666666667
18.73
18.733333333333334
18.736666666666668
18.74
18.743333333333332
18.746666666666666
18.75
18.753333333333334
18.756666666666668
18.76
18.763333333333332
18.766666666666666
18.77
18.773333333333333
18.776666666666667
18.78
18.783333333333335
18.786666666666665
18.79
18.793333333333333
18.796666666666667
18.8
18.803333333333335
18.80666666666667
18.81
18.813333333333333
18.816666666666666
18.82
18.823333333333334
18.826666666666668
18.83
18.833333333333332
18.836666666666666
18.84
18.843333333333334
18.846666666666668
18.85
18.85333333333333
18.856666666666666
18.86
18.863333333333333
18.866666666666667
18.87
18.873333333333335
18.876666666666665
18.88
18.883333333333333
18.886666666666667
18.89
18.893333333333334
18.89666666666667
18.9
18.903333333333332
18.906666666666666
18.91
18.913333333333334
18.916666666666668
18.92
18.923333333333332
18.926666666666666
18.93
18.933333333333334
18.936666666666667
18.94
18.94333333333333
18.946666666666665
18.95
18.953333333333333
18.956666666666667
18.96
18.963333333333335
18.966666666666665
18.97
18.973333333333333
18.976666666666667
18.98
18.983333333333334
18.986666666666668
18.99
18.993333333333332
18.996666666666666
19.0
19.003333333333334
19.006666666666668
19.01
19.013333333333332
19.016666666666666
19.02
19.023333333333333
19.026666666666667
19.03
19.033333333333335
19.036666666666665
19.04
19.043333333333333
19.046666666666667
19.05
19.053333333333335
19.05666666666667
19.06
19.063333333333333
19.066666666666666
19.07
19.073333333333334
19.076666666666668
19.08
19.083333333333332
19.086666666666666
19.09
19.093333333333334
19.096666666666668
19.1
19.10333333333333
19.106666666666666
19.11
19.113333333333333
19.116666666666667
19.12
19.123333333333335
19.126666666666665
19.13
19.133333333333333
19.136666666666667
19.14
19.143333333333334
19.14666666666667
19.15
19.153333333333332
19.156666666666666
19.16
19.163333333333334
19.166666666666668
19.17
19.173333333333332
19.176666666666666
19.18
19.183333333333334
19.186666666666667
19.19
19.19333333333333
19.196666666666665
19.2
19.203333333333333
19.206666666666667
19.21
19.213333333333335
19.216666666666665
19.22
19.223333333333333
19.226666666666667
19.23
19.233333333333334
19.236666666666668
19.24
19.243333333333332
19.246666666666666
19.25
19.253333333333334
19.256666666666668
19.26
19.263333333333332
19.266666666666666
19.27
19.273333333333333
19.276666666666667
19.28
19.283333333333335
19.286666666666665
19.29
19.293333333333333
19.296666666666667
19.3
19.303333333333335
19.30666666666667
19.31
19.313333333333333
19.316666666666666
19.32
19.323333333333334
19.326666666666668
19.33
19.333333333333332
19.336666666666666
19.34
19.343333333333334
19.346666666666668
19.35
19.35333333333333
19.356666666666666
19.36
19.363333333333333
19.366666666666667
19.37
19.373333333333335
19.376666666666665
19.38
19.383333333333333
19.386666666666667
19.39
19.393333333333334
19.39666666666667
19.4
19.403333333333332
19.406666666666666
19.41
19.413333333333334
19.416666666666668
19.42
19.423333333333332
19.426666666666666
19.43
19.433333333333334
19.436666666666667
19.44
19.44333333333333
19.446666666666665
19.45
19.453333333333333
19.456666666666667
19.46
19.463333333333335
19.466666666666665
19.47
19.473333333333333
19.476666666666667
19.48
19.483333333333334
19.486666666666668
19.49
19.493333333333332
19.496666666666666
19.5
19.503333333333334
19.506666666666668
19.51
19.513333333333332
19.516666666666666
19.52
19.523333333333333
19.526666666666667
19.53
19.533333333333335
19.536666666666665
19.54
19.543333333333333
19.546666666666667
19.55
19.553333333333335
19.55666666666667
19.56
19.563333333333333
19.566666666666666
19.57
19.573333333333334
19.576666666666668
19.58
19.583333333333332
19.586666666666666
19.59
19.593333333333334
19.596666666666668
19.6
19.60333333333333
19.606666666666666
19.61
19.613333333333333
19.616666666666667
19.62
19.623333333333335
19.626666666666665
19.63
19.633333333333333
19.636666666666667
19.64
19.643333333333334
19.64666666666667
19.65
19.653333333333332
19.656666666666666
19.66
19.663333333333334
19.666666666666668
19.67
19.673333333333332
19.676666666666666
19.68
19.683333333333334
19.686666666666667
19.69
19.69333333333333
19.696666666666665
19.7
19.703333333333333
19.706666666666667
19.71
19.713333333333335
19.716666666666665
19.72
19.723333333333333
19.726666666666667
19.73
19.733333333333334
19.736666666666668
19.74
19.743333333333332
19.746666666666666
19.75
19.753333333333334
19.756666666666668
19.76
19.763333333333332
19.766666666666666
19.77
19.773333333333333
19.776666666666667
19.78
19.783333333333335
19.786666666666665
19.79
19.793333333333333
19.796666666666667
19.8
19.803333333333335
19.80666666666667
19.81
19.813333333333333
19.816666666666666
19.82
19.823333333333334
19.826666666666668
19.83
19.833333333333332
19.836666666666666
19.84
19.843333333333334
19.846666666666668
19.85
19.85333333333333
19.856666666666666
19.86
19.863333333333333
19.866666666666667
19.87
19.873333333333335
19.876666666666665
19.88
19.883333333333333
19.886666666666667
19.89
19.893333333333334
19.89666666666667
19.9
19.903333333333332
19.906666666666666
19.91
19.913333333333334
19.916666666666668
19.92
19.923333333333332
19.926666666666666
19.93
19.933333333333334
19.936666666666667
19.94
19.94333333333333
19.946666666666665
19.95
19.953333333333333
19.956666666666667
19.96
19.963333333333335
19.966666666666665
19.97
19.973333333333333
19.976666666666667
19.98
19.983333333333334
19.986666666666668
19.99
19.993333333333332
